kongo={
	location=4097
	color={
		171 148 148 
	}
	inland=yes
	outgoing={
		name="ivory_coast"
		path={
			1170 1464 
		}
		control={
			3169.000000 587.000000 3115.000000 585.000000 3050.000000 593.000000 3007.000000 566.000000 2939.000000 618.000000 2930.000000 701.000000 
		}
	}
	outgoing={
		name="zambezi"
		path={
			4046 1191 1187 
		}
		control={
			3191.000000 456.000000 3231.000000 424.000000 3273.000000 399.000000 3319.139893 402.510010 
		}
	}
	members={
		798 1169 1170 1901 2948 2949 4081 4082 4083 4084 4085 4086 4087 4088 4089 4090 4091 4092 4093 4094 4095 4096 4107 4098 4100 4101 4102 4103 4097 4099 4105 4109 
	}
}
zambezi={
	location=1191
	color={
		32 164 51 
	}
	inland=yes
	outgoing={
		name="zanzibar"
		path={
			1192 1195 1196 
		}
		control={
			3369.000000 358.000000 3436.000000 414.000000 3412.000000 515.000000 
		}
	}
	members={
		1184 1185 1187 1188 1189 1190 1191 2950 2951 2952 4034 4035 4036 4037 4038 4039 4040 4041 4042 4043 4044 4045 4046 4047 4048 4050 4104 4106 4108 
		#From Great Lakes
		1273 1649 1798 1799 1925 4053 4054 4055 4056 4057 4058 4059 4060 4061 4062 4063 4064 4065 4066 4067 4068 4069 4070 4071 4072 4073 4074 4075 4076 4077 
	}
}


california={
	location=2021
	outgoing={
		name="mexico"
		path={
			2491 2644
		}
		control={
		}
	}
	outgoing={
		name="mississippi_river"
		path={
			872 873 2019 2020 2006 2008 903 902 900 895 2014 893 1507 
		}
		control={
			878.000000 1607.000000 896.000000 1634.000000 967.000000 1660.000000 1034.000000 1632.000000 1116.000000 1656.000000 1204.000000 1615.000000 1288.000000 1591.000000 1368.163940 1532.114014 1396.000000 1494.000000 1374.000000 1432.000000 1358.000000 1397.000000 1369.000000 1363.000000 
		}
	}
	outgoing={
		name="girin"
		path={
			1557 1684 1686 1685 1683 1668 1669 1440 1387 1980 1850 2106 2108 730 
		}
		control={
			809.000000 1602.000000 661.000000 1606.000000 431.000000 1626.000000 193.000000 1678.000000 47.000000 1653.000000 5530.000000 1599.000000 5269.000000 1402.000000 4999.000000 1349.000000 
		}
	}
	members={
		868 867 876 875 870 869 871 2021
		2476 2477 2478 2479 2480 2491
		2493    
		4638 4637 4636 4635 4634
		865 866 2620 4639 4577 2616 4650 862 4649 877 4633 # beja california, arizona, and sonoria
		#alaska
		979 978 977 976 975 974 972 2022 2609 2610 2611 2612 2613
		2481 2482 2483 872 2019 2020 2489 2490 2486 2487 2488 873 2484 2485 874 2604 2605 2606 2607
		2003 973 
		#from mexico
		2494 878 879 2492 881 2495 4631 4632 880 2496 4630 882
		#Hawaii
		1240
	}
}
girin={
	location=730
	color={
		41 82 45 
	}
	outgoing={
		name="siberia"
		path={
			2109 722 721 1057 1060 1062 1064 
		}
		control={
			4726.000000 1497.000000 4604.000000 1533.000000 4431.000000 1539.000000 4365.000000 1590.000000 
		}
	}
	outgoing={
		name="beijing"
		path={
			2110 726 704 1816 
		}
		control={
			4752.000000 1386.000000 4719.000000 1397.000000 4671.000000 1368.000000 
		}
	}
	members={
		1850 1049 2107 2108 2111 2106 2186 1058 2102 2104 1053 2103 1034 1035 1036 1037 1038 1039 1040 1041 1042 1043 1044 1046 1047 1052 1783 2438 2439 2440 2446 2742 2743 2744 1055 1056 1057 730 2110 2188 4201 1033 1048 1050 4214 4216 729 731 2105 4215 4217 722 2109 2187 4202 4203 724 725 4218 727 728 2185 4200 
	}
}
mississippi_river={
	location=1507
	outgoing={
		name="carribean_trade"
		path={
			1506 1505 1525 1516 
		}
		control={
			1494.000000 1317.000000 1541.000000 1254.000000 1607.000000 1231.000000 
		}
	}
	outgoing={
		name="chesapeake_bay"
		path={
			2533 2547
		}
		control={
		}
	}
	outgoing={
		name="st_lawrence"
		path={
			939 945 2577
		}
		control={
		}
	}
	members={
		893 894 895 897 899 900 915 916 918 919 920 921 942 943 896 917 909 906 898 901 903
		907 908 905 904 902 944 945 914 913 912 911 910 1809 2006 2007 2008 2009 2014 2016
		2501 2502 2503 2504 2505 2506 2507 2508 2509 2510 2511 2512 2513 2514 2515 2516 2517 2518 2519
		2520 2521 2522 2523 2524 2528 2529 2530 2625 2672 
		#from e america
		922 923 2533 2532 2531 924 925 934 2527 939 940 
		#from mexico
		884 888 2665 887 2669 889 890 892 891 886 2500 883 4627 885 2497
	}
}

mexico={
	location=1551
	color={
		0 176 0 
	}
	outgoing={
		name="carribean_trade"
		path={
			847 848 1510 1511 1512 1518 1516 
		}
		control={
			1313.000000 1105.000000 1323.000000 1142.000000 1336.000000 1183.000000 1378.000000 1226.000000 1435.000000 1236.000000 1499.000000 1202.000000 1563.000000 1197.000000 1600.000000 1177.000000 1623.000000 1171.000000 1637.000000 1165.000000 
		}
	}
	outgoing={
		name="panama"
		path={
			1550 2663 
		}
		control={
		}
	}
	outgoing={
		name="nippon"
		path={
			1671 1551
		}
		control={
		}
	}
	outgoing={
		name="mississippi_river"
		path={
			1508 1507 
		}
		control={
			1338.000000 1333.000000 
		}
	}
	members = {
		863 864 859 860 861 855 856 858 857 854 851 853 849 850 848 847 844
		852 846 845 843 842 841 840 839  
		2498 2499 2614 2615 2617 2618 2619 
		2621 2622 2623 2624 2626 2627 2628 2629 2630 2631 2632 2633 2634 2635 2636 2637 2638 2640
		2641 2642 2643 2644 2645 2646 2647 2648 2649 2650 2651 2652 2653 2657 2662
		2666 2667 2668
		4628 4629 4606 4644 4646 4648 4647 4645 4643 4642 4578 4640 4576 4579 4580 4575 4574 4573 4641 4572 4571 4570 4581 4583 4598 4582 4584 4585 4586 4587 4594 4589 4588 4590 4591 4593
	}
}
lhasa={
	location=677
	inland=yes
	outgoing={
		name="lahore"
		path={
			2129 2128 2074 508 
		}
		control={
			4149.000000 1199.000000 4046.000000 1217.000000 
		}
	}
	outgoing={
		name="chengdu"
		path={
			2132 2167 675 679 
		}
		control={
			4286.000000 1196.000000 4365.000000 1197.000000 4427.310059 1151.910034 
		}
	}
	outgoing={
		name="ganges_delta"
		path={
			562 4479 
		}
		control={
			4201.000000 1131.000000 4206.000000 1106.000000 4187.000000 1090.000000 4205.000000 1073.000000 4203.000000 1058.000000 4210.000000 1047.000000 4207.000000 1038.000000 4221.000000 1026.000000 4234.000000 1003.000000 
		}
	}
	members={
		2129 2128 676 554 705 706 2134 4204 677 2130 4205 
		565 4481 4482 #bhutan_area
		557 2070 2071 4483 4485 #nepal_area
		4514 4515 4516 4517 4518 4519 4520 #new tibetan provinces
	}
}
chengdu={
	location=679
	inland=yes
	outgoing={
		name="canton"
		path={
			680 673 2163 2165 665 667 1371 
		}
		control={
			4506.000000 1143.000000 4513.000000 1093.000000 4498.000000 1039.000000 4528.000000 1030.000000 4568.000000 1025.000000 4580.000000 1023.000000 
		}
	}
	outgoing={
		name="xian"
		path={
			2169 689 700 
		}
		control={
			4474.000000 1173.000000 4519.000000 1194.000000 
		}
	}
	outgoing={
		name="burma"
		path={
			675 2167 2166 583 2400 
		}
		control={
			4416.000000 1100.000000 4374.000000 1058.000000 4303.000000 1027.000000 
		}
	}
	members={
		679 2132 2167 678 2135 2131 2133 660 661 2165 2166 680 679 680 4212 2169 2170 4211 675 2168 2748 4213
		#From Canton
		663 662 674 673 4199
	}
}
canton={
	location=1371
	outgoing={
		name="malacca"
		path={
			1394 1367 1362 1361 
		}
		control={
			4611.000000 901.000000 4555.000000 789.000000 4459.000000 737.000000 4475.000000 665.000000 
		}
	}
	outgoing={
		name="philippines"
		path={
			1394 1397 
		}
		control={
			4644.000000 947.000000 4672.000000 874.000000 4704.000000 866.000000 4711.000000 876.000000 4727.000000 885.000000 
		}
	}
	outgoing={
		name="gulf_of_siam"
		path={
			1370 1369 1366 1364 1365
		}
		control={
		}
	}
	members={
		2161 1371 664 665 666 667 668 672 738 1840 2154 2155 2156 2157 2158 2159 2160 2162 2163 2164 2173 2174 671
	}
}
australia={
	location=1411
	outgoing={
		name="the_moluccas"
		path={
			1411 1407 1410 1409 1401 1357 
		}
		control={
			5196.000000 344.000000 5122.000000 453.000000 4963.000000 459.000000 4902.000000 544.000000 4800.000000 542.000000 
		}
	}
	members={
		1085 1086 1087 1088 1089 1090 1091 1092 1093 1106 1107 1108 1109 1236 1237 1242 1243 1246 1239 1238 1789 1790 1791 1094 1084 1412 1986 2719 2720 2721 2722 2726 2727 2728 2729 2730 2731 2732 2733 2734 2735 2736 2737 2738 2739 1244 1987 1988 
		1411
	}
}
nippon={
	location=1376
	outgoing={
		name="hangzhou"
		path={
			1389 1373 684 
		}
		control={
			4801.000000 1197.000000 4760.000000 1154.000000 
		}
	}
	outgoing={
		name="girin"
		path={
			1377 2108
		}
		control={
		}
	}
	members={
		1376 1012 1014 1017 1018 1019 1020 1021 1023 1024 1025 1026 1027 1028 1029 1030 1031 1032 1818 1819 1820 1825 1830 1832 1835 1837 1839 1843 1847 1852 4131 4180 4181 4182 4183 4184 4185 4186 4187 4188 4189 4190 4191 4192 4193 1015 4359 4360
		1845 2744 4232 #pyongan_area
		732 2742 2743 #hamgyeong_area
		733 735 4230 4231 #western_korea_area
		734 736 2694 2745 4227 #eastern_korea_area
		737 1013 2741 4228 4229 #south_korea_area
	}
}
hangzhou={
	location=684
	outgoing={
		name="beijing"
		path={
			684 1373 1374 1375 
		}
		control={
			4731.000000 1164.000000 4743.000000 1243.000000 4715.000000 1289.000000 4689.000000 1298.000000 
		}
	}
	outgoing={
		name="malacca"
		path={
			1373 1392 1393 1395 1368 1360 1361 
		}
		control={
			4735.000000 1133.000000 4783.000000 1092.000000 4723.000000 1053.000000 4669.000000 934.000000 4651.000000 849.000000 4583.000000 774.000000 4518.000000 688.000000 4471.000000 646.000000 
		}
	}
	outgoing={
		name="canton"
		path={
			2148 2157 
		}
		control={
		}
	}
	members={
		669 670 683 684 685 686 1821 1822 1824 1829 1833 1838 1897 2143 2144 2145 2146 2147 2148 2149 2150 2151 2152 2153 2141 2142 4196 
	}
}
xian={
	location=700
	inland=yes
	outgoing={
		name="beijing"
		path={
			1836 692 2137 2140 691 2138 1375 1816 
		}
		control={
			4532.000000 1227.000000 4550.000000 1235.000000 4592.540039 1233.510010 4622.000000 1257.000000 4638.000000 1267.000000 4660.000000 1280.000000 4671.000000 1300.000000 
		}
	}
	outgoing={
		name="yumen"
		path={
			689 698 706 707 
		}
		control={
			4503.000000 1223.000000 4476.000000 1256.000000 4436.000000 1282.000000 
		}
	}
	outgoing={
		name="hangzhou"
		path={
			687 2146
		}
		control={
		}
	}
	members={
		687 1836 2181 2180 698 699 688 692 2183 2175 2176 681 682 2171 2172 4197 689 700 2179 4198 701 709 2191 4223 
	}
}
beijing={
	location=4233
	outgoing={
		name="yumen"
		path={
			695 696 697 701 709 707 
		}
		control={
			4642.000000 1325.000000 4583.000000 1333.000000 4520.000000 1311.000000 4429.000000 1321.000000 
		}
	}
	members={
		690 691 702 723 2138 2139 2140 2114 2115 2747 703 1816 2136 4194 695 696 2137 4195 704 726 2111 2112 2113 693 694 697 2177 2178 
		4233
	}
}
philippines={
	location=1397
	outgoing={
		name="the_moluccas"
		path={
			1399 1357 
		}
		control={
			4744.000000 846.000000 4743.000000 815.000000 4739.000000 798.000000 4692.000000 752.000000 4747.000000 732.000000 4773.000000 665.000000 4730.000000 612.000000 4750.479980 567.989990 
		}
	}

	members={
		1397 
		2701 2702 4355 #mindanao_area
		652 653 4354 #west_mindanao_area
		654 2700 4351 4352 4353 #visayas_area
		651 655 4356 #palawan_area
		657 658 2698 4348 #luzon_area
		656 2697 2699 4349 4350 #southern_luzon_area
		1235 1995 1996 #west_micronesia_area
		1243 1989 1990 1992 #polynesia_area
		1241 1991 1993 1994 #micronesia_area
	}
	
	ai_will_propagate_through_trade = yes
}
the_moluccas={
	location=1357
	outgoing={
		name="malacca"
		path={
			1358 1360 
		}
		control={
			4669.000000 535.000000 4548.000000 575.000000 4489.000000 622.000000 
		}
	}
	members={
		646 2687 2688 2689 2690 2718 2724 1357 1245 647 645 2717 648 649 650 2725 2696 2695 635 633 634 643 2713 2714 642 2715 641 2716 632 627 2691 631 2693 629 2692 628 626 625 630 624 644 2723 
	}
	
	ai_will_propagate_through_trade = yes
}
gulf_of_siam={
	location=1365
	color={
		84 152 93 
	}
	outgoing={
		name="malacca"
		path={
			1364 1362 1361 
		}
		control={
			4403.000000 767.000000 4431.000000 709.000000 4446.000000 665.000000 
		}
	}
	outgoing={
		name="burma"
		path={
			600 4397
		}
		control={
		}
	}
	members={
		592 600 601 602 603 604 605 606 609 607 608 611 612 614 615 1817 1823 1844 1022 2374 2375 2376 2377 2378 2379 2380 2381 2382 2383 2384 2385 2386 2387 2388 2389 591 2404 2371 1365
		589 #Karenni
		#From Canton
		2373 1016 610 2372 613 616
	}
}
malacca={
	location=1361
	outgoing={
		name="ganges_delta"
		path={
			1348 1347 1345 1344 1343 
		}
		control={
			4329.000000 740.000000 4311.000000 813.000000 4279.000000 878.000000 4242.000000 943.000000 
		}
	}
	outgoing={
		name="cape_of_good_hope"
		path={
			1352 1624 1623 1647 1630 1626 1459 
		}
		control={
			4470.000000 623.000000 4477.000000 580.000000 4429.000000 542.000000 4281.000000 536.000000 4159.000000 494.000000 3997.000000 488.000000 3821.000000 400.000000 3627.000000 201.000000 3483.000000 72.000000 3234.000000 10.000000 
		}
	}
	members={
		593 594 595 596 597 598 599 617 618 619 620 621 622 623 636 637 638 639 640 659 1361 2390 2391 2392 2393 2394 2673 2674 2675 2676 2677 2678 2679 2680 2681 2682 2683 2684 2685 2686 2703 2704 2705 2706 2707 2708 2709 2710 2711 2712 2740 
	}
	
	ai_will_propagate_through_trade = yes
}
siberia={
	location=1064
	inland=yes
	outgoing={
		name="kazan"
		path={
			1062 1064 480 479 472 475 1082 
		}
		control={
			4084.209961 1695.109985 3879.000000 1758.000000 3732.000000 1640.000000 3702.000000 1655.000000 3654.000000 1634.000000 
		}
	}
	outgoing={
		name="samarkand"
		path={
			480 478 477 1969 457 454 
		}
		control={
			4161.000000 1597.000000 4058.000000 1443.000000 3976.000000 1372.000000 3892.000000 1348.000000 
		}
	}
	members={
		1782 1781 1071 479 1054 1059 1061 1062 1063 1064 1067 1068 1070 480 1069 1073 1074 1080 1078 1075 1076 2357 2369 2427 2428 2429 2430 2431 2432 2433 2434 2436 2437 2442 2443 2445 1072 1780 1045 2435 1051 2441 2354 716 1065 1066 
		1060
	}
}
yumen={
	location=707
	inland=yes
	outgoing={
		name="samarkand"
		path={
			713 1786 739 1785 452 1967 454 
		}
		control={
			4257.000000 1318.000000 4131.000000 1298.000000 4047.000000 1300.000000 3994.000000 1290.000000 3932.000000 1308.000000 3893.000000 1304.000000 3863.000000 1312.000000 
		}
	}
	members={
		710 1786 707 708 711 714 719 1784 2118 2119 2123 2189 2190 2194 2182 2184 2122 4206 4207 717 721 2116 4219 4220 720 2193 4221 713 715 2120 4208 718 2117 4222 712 2121 2192 
	}
}
burma={
	location=584
	color={
		35 229 76
	}
	inland=yes
	outgoing={
		name="ganges_delta"
		path={
			4396 1815 
		}
		control={
			4297.000000 951.000000 4306.000000 891.000000 4277.000000 895.000000 4254.000000 947.000000 
		}
	}
	members={
		570 573 2041 #naga_hills_area
		584 2399 581 #upper_burma_area
		2398 580 4393 2397 #chindwin_area
		566 571 2040 2042 4440 #assam_area
		4394 4396 585 4395 #central_burma_area
		583 588 2400 4397 4406 #shan_hill_area
		587 2401 4398 #karenni_area 
		582 2395 2396 4404 4405 #kachin_area
		567 2091 4473 #tripura_area
	}
}
ganges_delta={
	location=1343
	outgoing={
		name="comorin_cape"
		path={
			1342 1341 1340 
		}
		control={
			4126.000000 928.000000 4037.000000 783.500000 
		}
	}
	outgoing={
		name="doab"
		path={
			1343 564 563 2044 558 2095 556 2063 
		}
		control={
			4184.000000 1014.000000 4186.000000 1026.000000 4182.000000 1038.000000 4187.000000 1046.000000 4178.000000 1059.000000 4162.000000 1064.000000 4151.000000 1062.000000 4130.000000 1065.000000 4106.000000 1059.000000 4076.000000 1067.000000 4056.000000 1086.000000 
		}
	}
	members={
		1343
		553 2082 4447 4451 4452 #upper_mahanadi_area
		547 2048 4445 4446 4448 #garjat_area
		561 2081 4476 4477 #west_bengal_area
		564 2039 4474 4475 4478 #east_bengal_area
		552 2038 2043 2049 4441 #orissa_area
		560 2096 4450 4470 4471 #jharkhand_area
		562 2045 2046 4486 #north_bengal_area
		563 2044 4479 #gaur_area
		568 579 2402 #arakan_area
		586 590 1815 2403 4399 #lower_burma_area
		558 4469 4472 4489 #bihar_area
		2047 4484 4487 4488 #mithila_area
	}
}
doab={
	location=524
	color={
		236 162 19 
	}
	inland=yes
	outgoing={
		name="deccan"
		path={
			525 740 2057 
		}
		control={
			4014.000000 1082.000000 4030.000000 1062.000000 4018.000000 1024.000000 3998.000000 1002.000000 3987.000000 966.000000 
		}
	}
	outgoing={
		name="lahore"
		path={
			522 2062 4411
		}
		control={
			4021.000000 1115.000000 4009.000000 1144.000000 3981.000000 1151.000000 
		}
	}
	members={
		522 2060 2062 #upper_doab_area
		2061 4498 4499 #katehar_area
		519 520 2064 4500 #jaipur_area
		523 2094 4494 4495 4497 #oudh_area
		555 2055 2095 4490 #purvanchal_area
		524 556 2063 4496 #lower_doab_area
		525 528 740 4464 4465 #gird_area
		559 2059 4459 4466 4467 #bundelkhand_area
		2097 2098 4468 #baghelkhand_area
		4491 4492 554 #baisi_rajya_area
		509 511 2069 4493 #himalayan_hills_area
	}
}
lahore={
	location=507
	color={
		63 150 30 
	}
	inland=yes
	outgoing={
		name="samarkand"
		path={
			578 451 450 453 454 
		}
		control={
			3924.000000 1220.000000 3877.000000 1222.000000 3866.000000 1243.000000 3831.000000 1274.000000 
		}
	}
	outgoing={
		name="persia"
		path={
			578 451 450 446 2221 2235 2214 
		}
		control={
			3920.000000 1210.000000 3866.000000 1216.000000 3841.000000 1244.000000 3776.000000 1217.000000 3757.000000 1247.000000 3691.000000 1246.000000 3668.000000 1269.000000 
		}
	}
	outgoing={
		name="gujarat"
		path={
			506 2072 
		}
		control={
			3921.000000 1136.000000 3872.000000 1087.000000 3879.000000 1059.000000 
		}
	}
	members={
		1785 1787 2200 #Wastelands
		508 2073 2074 4449 4521 #kashmir_area
		507 2075 2076 4510 4513 #lahore_area
		506 2079 2086 4508 4509 #multan_area
		2077 2078 4511 #sind_sagar_area
		510 2065 4411 4463 #sirhind_area
		576 577 2068 #kalat_area
		448 451 452 578 2226 #kabulistan_area
		447 449 2225 #ghor_area
		450 2227 2228 #balkh_area
	}
}
deccan={
	location=1948
	color={
		241 13 61
	}
	inland=yes
	outgoing={
		name="gujarat"
		path={
			4433 517 1337 
		}
		control={
			3964.000000 943.000000 3919.000000 945.000000 
		}
	}
	outgoing={
		name="comorin_cape"
		path={
			541 4422 4414 2026 
		}
		control={
			4009.000000 916.000000 4000.000000 889.000000 4009.000000 873.000000 4019.000000 855.000000 4024.000000 827.000000 4035.000000 814.000000 4006.000000 783.000000 
		}
	}
	members={
		526 2056 2057 2093 4461 #malwa_area
		550 551 2092 4458 4460 #gondwana_area
		532 2033 4428 #raichur_doab_area
		2028 4438 4444 #telingana_area
		542 2037 4436 4439 #golconda_area
		527 4434 4453 #khandesh_area
		569 1948 2035 4435 #maidan_area
		546 548 2050 4442 4443 #berar_area
		1946 2034 4431 #desh_area
		544 545 4432 4433 4437 #ahmednagar_area
	}
}
comorin_cape={
	location=1340
	color={
		13 1 179
	}
	outgoing={
		name="gulf_of_aden"
		path={
			1615 1451 1331 
		}
		control={
			3866.000000 794.500000 3715.000000 850.000000 
		}
	}
	outgoing={
		name="gujarat"
		path={
			1339 2030 
		}
		control={
			3952.000000 822.000000 3895.000000 915.000000 
		}
	}
	outgoing={
		name="cape_of_good_hope"
		path={
			1619 1621 1636 1626 1459 
		}
		control={
			4004.000000 736.000000 3900.000000 556.000000 3712.000000 299.000000 3414.000000 88.000000 3217.000000 36.000000 
		}
	}
	members={
		1340
		2083 4418 4419 4420 #north_carnatic_area
		539 540 1947 2027 4417 #south_carnatic_area
		536 2101 4412 #madura_area
		2100 4408 4409 #lanka_area
		572 2099 4407 #south_lanka_area
		574 1101 1248 1998 1999 #indian_ocean_islands_area
		538 2085 4414 #kongu_area
		2026 4415 4416 #tanjore_area
		533 2031 4421 4422 4426 #mysore_area
		541 1949 2090 4423 4424 #rayalaseema_area
		534 535 537 4410 4413 #malabar_area
		531 2029 2030 2032 4427 #kanara_area
		543 549 2084 2080 4425 #andhra_area
	}
}
gujarat={
	location=504
	color={
		135 104 85 
	}
	outgoing={
		name="gulf_of_aden"
		path={
			1336 1333 1332 1331 
		}
		control={
			3809.000000 1011.000000 3760.000000 967.000000 3677.000000 901.000000 
		}
	}
	outgoing={
		name="hormuz"
		path={
			1336 1334 
		}
		control={
			3799.000000 1035.000000 
		}
	}
	outgoing={
		name="zanzibar"
		path={
			1336 1452 1451 1453 1447 
		}
		control={
			3839.000000 977.000000 3819.000000 933.000000 3700.000000 780.000000 3699.000000 669.000000 
		}
	}
	members={
		518 2058 2087 4501 4462 #mewar_area
		512 4502 4507 2066 #jangladesh_area
		513 514 2067 4506 #marwar_area
		504 2088 4503 4504 #sindh_area
		505 2072 4505 #northern_sindh_area
		529 530 2089 4429 #konkan_area
		515 521 2052 4454 4455 #saurashtra_area
		517 2036 4430 #tapti_area
		503 2053 4456 4480 #patan_area
		516 2051 2054 4512 4457 #ahmedabad_area
	}
}

katsina={
	location=1149
	color={
		215 56 56 
	}
	inland=yes
	outgoing={
		name="timbuktu"
		path={
			1148 2273 2269 1133 2262 1132 
		}
		control={
			2899.000000 875.000000 2892.000000 894.000000 2852.000000 890.000000 2806.000000 912.000000 2790.000000 927.000000 
		}
	}
	outgoing={
		name="tunis"
		path={
			4567 350
		}
		control={
		}
	}
	outgoing={
		name="ethiopia"
		path={
			2800 2772 
		}
		control={
			3011.000000 843.000000 3129.000000 858.000000 3245.860107 862.010010 3315.000000 898.000000 3333.000000  880.000000
			3331.300000 866.300000	3355.000000 858.000000
		}
	}
	members={
		1144 1146 1162 1145 1152 1153 1150 1154 1155 1156 1157 1158 1160 1161 1249 1149 1148 2273 2272 2274 2275 2276 2277 2278 2279 2280 2281 2282 2283 2284 2285 2286 2287 2288 2293 2475 1159 
	}
}
ethiopia={
	location=2772
	inland=yes
	outgoing={
		name="alexandria"
		path={
			1232 2321 361 358 
		}
		control={
			3350.000000 1051.000000 
		}
	}
	outgoing={
		name="gulf_of_aden"
		path={
			1213 1211 1212 4346 
		}
		control={
			3454.000000 793.000000	3486.000000 822.000000	3567.000000 840.000000 
		}
	}
	members={
		774 1217 1218 1222 1228 2756 2757 2758 2759 2760 2761 2762 2763 2772 2791 2778 2785 2797 2766 2767 2769 2770 2771 2779 2780 2781 1224 1213 1223 1214 1216 1221 2800 2801 2802 1229 1225 1226 1227 1220 1207 1208 1210 2798 2799 1219 2776 2932 4033 4158 2777 4051 4052 
	}
}
gulf_of_aden={
	location=4346
	outgoing={
		name="zanzibar"
		path={
			1446 1447 1448 
		}
		control={
			3619.000000 810.000000 3602.000000 764.000000 3521.500000 652.000000 
		}
	}
	outgoing={
		name="alexandria"
		path={
			1330 1329 1328 361 358 
		}
		control={
			3519.000000 841.000000 3465.000000 874.500000 3370.000000 1051.000000 3329.000000 1110.000000 3317.000000 1130.000000 3304.000000 1146.000000 3284.000000 1143.000000 
		}
	}
	outgoing={
		name="hormuz"
		path={
			1332 1333 1334 
		}
		control={
			3663.000000 915.000000 3763.000000 1013.000000 
		}
	}
	members={
		2324 2775 2782 2783 2786 2788 2789 2790 2793 2794 2795 2024 1205 1206 1209 1212 1215 1230 2765 2773 2792 2784 1211 2764 2787 1232 1331 1779 
		2768 #Angot
		401 2341 2342 #dhofar_area
		402 1099 4284 #mahra_area
		387 2346 4279 #tihama_al_yemen_area
		390 2344 4281 #upper_yemen_area
		388 2345 4280 #yemen_area
		386 391 4282 #asir_area
		389 2343 4283 #hadramut_area
		1328 1329 1330 4333 #Red Sea Area
		4346
	}
}
hormuz={
	location=1334
	outgoing={
		name="basra"
		path={
			2219 1335 
		}
		control={
			3687.000000 1082.000000 3650.000000 1073.000000 
		}
	}
	outgoing={
		name="persia"
		path={
			431 2216 
		}
		control={
		}
	}
	members={
		397 398 404 2333 #pirate_coast_area
		432 2220 2234 4345 #kerman_area
		434 575 2231 2232 2233 #makran_area
		430 2219 2223 4332  #persian_gulf_coast
		2218 4329 4330 4331 #farsistan_area
		403 4285 4287 #oman_area
		399 400 4286 #mascat_area
		431 2999 4327 #mogostan_area
		1332 1334 1335 4347#Sea
	}
}
zanzibar={
	location=1448
	color={
		130 17 17 
	}
	outgoing={
		name="cape_of_good_hope"
		path={
			1449 1456 1457 1458 1459 1460 
		}
		control={
			3492.000000 449.000000 3452.000000 374.500000 3388.000000 270.000000 3347.500000 175.000000 3233.000000 73.500000 
		}
	}
	members={
		1448 788 1100 1102 1103 1183 1186 1192 1193 1194 1195 1196 1197 1198 1199 1200 1201 1202 1203 1204 1792 2796 2774 4020 4021 4022 4023 4024 4025 4026 4027 4028 4029 4030 4031 4032 4049
	}
}
cape_of_good_hope={
	location=1460
	outgoing={
		name="ivory_coast"
		path={
			1461 1462 1463 1464 1465 1466 
		}
		control={
			3032.500000 172.000000 2973.000000 355.000000 2999.000000 503.500000 2933.000000 610.000000 2916.500000 697.500000 
		}
	}
	members={
		1460 789 833 1175 1176 1177 1178 1179 1180 1181 1182 1173 1800 2856 2864 2880 
	}
}
basra={
	location=1335
	outgoing={
		name="aleppo"
		path={
			408 409 406 382 377 
		}
		control={
			3542.000000 1156.000000 3501.000000 1170.000000 3487.000000 1204.000000 3448.000000 1222.000000 3423.000000 1245.000000 
		}
	}
	outgoing={
		name="alexandria"
		path={
			2340 393 383
		}
		control={
		}
	}
	members={
		1335 #Persian Gulf
		412 2217 4289 4290 4342 #khuzestan_area
		394 395 396 2340 2347 #bahrain_area
		393 2338 4272 #nafud_area
		392 2337 4273 4274 #qasim_area
		2335 2336 2339 4275 #yamamah_area
		408 2311 2312 4288 #basra_area
		406 409 410 2310 4291 #iraq_arabi_area
		413 414 2209 2210 #luristan_area
		415 2211 4293 4294 #shahrizor_area
		2334 4276 #Wasteland
	}
}
samarkand={
	location=454
	inland=yes
	outgoing={
		name="persia"
		path={
			442 441 438 437 427 426 
		}
		control={
			3820.000000 1295.000000 3781.000000 1294.000000 3744.000000 1293.000000 3696.000000 1301.000000 3672.000000 1286.000000 3649.000000 1263.000000 
		}
	}
	outgoing={
		name="astrakhan"
		path={
			442 440 443 470 465 464 
		}
		control={
			3824.000000 1312.000000 3774.000000 1329.000000 3728.000000 1356.000000 3682.000000 1386.000000 3657.000000 1444.000000 3610.000000 1470.000000 
		}
	}
	members={
		440 441 442 444 445 453 454 455 456 457 459 476 477 1967 1969 1970 1973 461 478 2126 2370 2362 2363 2356 2364 2368 2355 2360 2361 2358 2352 2351 2353 2359 458 2125 460 2350 437 438 439 443 2349 739 2124 2127 4209 4210 
		1968 4344 4343 #termez_area
	}
}
persia={
	location=4341
	color={
		204 119 31 
	}
	inland=yes
	outgoing={
		name="astrakhan"
		path={
			1326 464
		}
		control={ 
		}
	}
	outgoing={
		name="basra"
		path={
			414 412
		}
		control={ 
		}
	}
	members={
		435 2224 2229 2230 #sistan_area
		436 4334 4336 #birjand_area
		446 4324 4325 #herat_area
		2221 2235 2236 4326 #mashhad_area
		417 426 2214 4339 4341 #tabarestan_area
		427 428 2213 2216 4337 #iraq_e_ajam_area
		429 433 2222 4335 4171 #isfahan_area
		419 420 2202 2205 4302 #armenia_area
		421 424 4299 4305 4340 #shirvan_area
		416 2206 2207 4304 #tabriz_area
		2212 2215 4300 4338 #azerbaijan_area
		4177 4170 4172 4179#Wasteland
	}
}
aleppo={
	location=377
	color={
		202 150 172 
	}
	outgoing={
		name="constantinople"
		path={
			1317 1848 322 317 1320 
		}
		control={
			3308.000000 1243.000000 3264.000000 1243.000000 3239.500000 1253.500000 3205.500000 1316.500000 
		}
	}
	outgoing={
		name="alexandria"
		path={
			1316 1315 358 
		}
		control={
			3353.000000 1241.000000 3335.000000 1200.000000 3284.000000 1180.000000 
		}
	}
	members={
		418 2306 2307 4295 4296 #north_kurdistan_area
		377 1849 2313 4298 #aleppo_area
		378 382 1855 4297 #syria_area
		407 411 2309 2314 4292 #al_jazira_area
		332 2303 2308 4310 #dulkadir_area
		405 4270 4271 #syrian_desert_area
		321 327 2302 #cukurova_area
		323 324 2301 4307 #karaman_area
	}
}
alexandria={
	location=358
	color={
		200 200 102 
	}
	outgoing={
		name="constantinople"
		path={
			362 363 1316 1932 318 317 1320 
		}
		control={
			3272.000000 1172.000000 3275.000000 1197.000000 3266.000000 1216.000000 3236.000000 1243.000000 3203.000000 1286.000000 3203.000000 1315.000000 3216.000000 1325.000000 3227.000000 1333.000000 
		}
	}
	outgoing={
		name="ragusa"
		path={
			1315 144 4174
		}
		control={
		}
	}
	outgoing={
		name="tunis"
		path={
			2326 2452 351
		}
		control={
		}
	}
	members={
		1234 2322 2323 #lower_nubia_area
		364 379 1854 #palestine_area
		384 2329 2330 #medina_area
		383 2328 4268 4269 #tabuk_area
		385 2331 2332 4277 4278 #mecca_area
		380 381 2327
		365 2315 2320 2321 #gulf_of_arabia_area
		1233 2318 4323 #al_wahat_area
		358 362 363 #delta_area
		361 2316 4316 4317 #bahari_area
		359 2317 4318 #vostani_area
		360 1231 2319 4319 4320 #said_area
		356 357 2325 2326 #cyrenaica_area
		4321 4322 #Wastelands
	}
}
astrakhan={
	location=464
	inland=yes
	outgoing={
		name="kazan"
		path={
			466 303 1081 1082 
		}
		control={
			3509.000000 1488.000000 3516.000000 1547.000000 3559.000000 1606.000000 
		}
	}
	outgoing={
		name="crimea"
		path={
			468 287 1323 
		}
		control={
			3486.000000 1439.000000 3417.000000 1425.000000 3342.000000 1405.000000 
		}
	}
	members={
		288 303 465 467 469 470 474 1971 2365 2367 2366 2409 2418 2419 472 471 464 466 468 2416 2417 
		302 304 2415 #tambov_area
		425 2198 2199 2208 4306 #dagestan_area
	}
}
crimea={
	location=1322
	color={
		59 158 125 
	}
	outgoing={
		name="kiev"
		path={
			284 282 281 280 
		}
		control={
			3307.169922 1429.410034 3297.000000 1470.000000 3290.000000 1506.000000 
		}
	}
	outgoing={
		name="constantinople"
		path={
			1322 1321 1320 
		}
		control={
			3314.000000 1403.000000 3279.000000 1379.500000 
		}
	}
	members={
		1323 1322 462 1856 463 2201 2195 2197 282 1974 2406 286 287 2413 2414 284 285 2410 2447 283 2411 2412 330 331 2305 422 268 1756 2405 
		423 2203 4301 #kartli_kakheti_area
		2196 2204 4303 #samtskhe_area
		4529 4530
	}
}
constantinople={
	location=1320
	color={
		126 203 120 
	}
	outgoing={
		name="ragusa"
		path={
			149 1765 1766 138 137 
		}
		control={
			3211.000000 1343.500000 3173.000000 1364.000000 3142.000000 1365.000000 3115.000000 1361.000000 
		}
	}
	members={
		1320 149 151 1764 325 328 2299 2304 150 159 1765 2746 2750 160 161 2998 156 1951 4128 157 158 1952 4127 
		329 1846 2300 4314 4315 #rum_area
		316 317 2296 #hudavendigar_area
		322 1848 4308 4311 #germiyan_area
		318 319 2297 2298 4309 #aydin_area
		326 4312 4313 #ankara_area
		164 320 1319 2348 3003 #aegean_archipelago_area
		4531 4532
	}
}
kiev={
	location=280
	inland=yes
	outgoing={
		name="novgorod"
		path={
			278 292 275 311 310 
		}
		control={
			3260.000000 1570.000000 3296.500000 1603.000000 3290.500000 1651.000000 3300.000000 1680.000000 
		}
	}
	outgoing={
		name="krakow"
		path={
			279 260 262 
		}
		control={
			3221.000000 1531.000000 3171.000000 1539.000000 
		}
	}
	members={
		272 279 281 770 1937 1943 2962 277 278 1941 
		291 298 299 2408 #sloboda_ukraine_area
		293 297 4244 4245 #smolensk_area
		296 300 4116 #oka_area
		280 1942 1944 4247 #west_dniepr_area
		289 290 1945 2407 #east_dniepr_area
		292 771 4246 #White Ruthenia
		276 4115 4242 #minsk_area
		4538 4537 4536 4535 4545 4544 4540 4539 4542 4543 269
	}
}
kazan={
	location=1082
	inland=yes
	outgoing={
		name="novgorod"
		path={
			306 307 308 312 310 
		}
		control={
			3474.000000 1641.000000 3427.000000 1649.000000 3396.000000 1686.000000 3370.000000 1720.000000 
		}
	}
	members={ 
		306 1079 1083 1957 #galich_area
		2421 4265 4267 #volga_area
		475 1965 1966 2420 2444 #bashkiria_area
		473 1081 2423 #samara_area
		1082 2422 4264 #kazan_area
		305 1962 1972 4266 #kama_area
	}
}
novgorod={
	location=33
	color={
		97 126 37 
	}
	outgoing={
		name="baltic_sea"
		path={
			34 36 1926 
		}
		control={
			3262.000000 1736.000000 3194.000000 1730.000000 3156.000000 1720.000000 
		}
	}
	outgoing={
		name="white_sea"
		path={
			1261 309 1652 
		}
		control={
			3372.500000 1863.000000 
		}
	}
	members={
		30 32 309 4124 33 34 1961 
		274 275 1960 4148 #pskov_area
		310 311 1959 2749 4260 #novgorod_area
		294 1752 4243 4248 4249  #tver_area
		301 1778 4255 #ryazan_area
		295 4251 4252 #moscow_area
		307 4147 4253 #vladimir_area
		308 1753 4117 4250 #yaroslavl_area
		1754 1956 4254 #suzdal_area
		312 4259 4261 #beloozero_area
	}
}

laplata={
	location=1536
	outgoing={
		name="brazil"
		path={
			1535 1534 1533 1532 1531 
		}
		control={
			2001.000000 329.000000 2074.000000 414.000000 2144.000000 481.000000 2213.000000 579.000000 
		}
	}
	outgoing={
	    name="australia"
		path={
		    1423 1541
		}
		control={
		}
	}
	members={
	    1095 2025 780 781 782 786 2863 2868 2869 2870 2875 2876 #Patagonia
		785 2843 2844 2845 2847 2867 2871 2872 2877 #Cuyo
		779 2860 2861 2865 2866 #Southern Pampas
		777 778 2846 2848 2849 2853 2855 2858 2859 #Buenos Aires
		791 794 2836 2837 2839 2842 #tucuman
		790 2854 2878 #Chaco
		772 773 2850 2851 2852 #Banda Oriental
		783 784 787 792 2841 2862 2873 2874 #Chile
		#from brazil
		2857 2879 2884 2887 #Rio Grande
	}
}
lima={
	location=809
	outgoing={
		name="panama"
		path={
			821 827
		}
		control={
		}
	}
	outgoing={
		name="brazil"
		path={
			2901 2913
		}
		control={
		}
	}
	outgoing={
		name="laplata"
		path={
			797 2848
		}
		control={
		}
	}
	members={
		795 797 800 801 802 803 2831 2832 2833 2834 2835 2838 2940 2941 2942 2946 2947 #Bolivia
		804 805 809 810 811 812 813 814 2821 2822 2823 2824 2825 2826 2827 2943 #Tawantisuyu
		806 807 808 2828 2829 2830 #Kuntisuyu
		2944 2945 #Amazon
		#from brazil
		2900 2901 2902
		#from colombia
		815 816 817 818 819 820 821 2820 #Quito
		#from la plata
		796 793 2840
		2002
	}
}
brazil={
	location=1531
	outgoing={
		name="ivory_coast"
		path={
			1596 1597 1586 1585 1466 
		}
		control={
			2333.000000 600.000000 2480.000000 657.000000 2624.000000 550.000000 2788.000000 549.000000 
		}
	}
	outgoing={
		name="carribean_trade"
		path={
			1529 1528 1576 1522 1520 1519 1517 1516 
		}
		control={
			2072.000000 888.000000 2013.000000 940.000000 2002.000000 1051.000000 1858.000000 1053.000000 1775.000000 1062.000000 1703.000000 1066.000000 1631.000000 1102.000000 
		}
	}
	outgoing={
	    name="tunis"
		path={
		    1584 1471 4568
		}
		control={
		}
	}
	members={
		759 765 2891 2892 2894 2898 2899 #Minas Gerais
		758 2906 2907 2908 2909 2910 2911 2919 #Goias
		2881 2888 2893 2903 2904 2905 2920 #Mato Grosso
		766 768 769 2895 2896 2897 #Sao Paolo
		762 763 764 #Rio De Janeiro
		756 757 760 761 2914 2916 #Bahia
		750 751 753 754 755 2885 2912 2913 2915 2917 2918 2921 2922 #Pernambuco
		749 752 2886 2923 2924 2925 2926 2927 #Maranhao
		748 2890 2928 2929 #Grao-Para
		#from la plata
		775 776 799 2882 2883 #Paraguay
	}
}
timbuktu={
	location=1132
	inland=yes
	outgoing={
		name="tunis"
		path={
			1128 349
		}
		control={
		}
	}
	outgoing={
		name="ivory_coast"
		path={
			2263 1135 2252 2255 2257 1466 
		}
		control={
			2764.000000 887.000000 2769.000000 881.000000 2755.000000 822.000000 2755.000000 770.000000 2773.000000 750.000000 
		}
	}
	members={
		1115 2237 2240 1122 1125 2251 1135 1137 2265 2266 1136 2256 2267 2252 2253 2254 2255 1138 2247 1120 1121 1124 1123 1131 1132 1134 1133 1142 2243 2244 2245 2246 2248 2249 2250 2259 2260 2261 2262 2263 2264 2268 2269 2270 1127 1128 1129 1130 2271 1140 1143 2291 2292 2295 
	}
}
ivory_coast={
	location=1466
	outgoing={
		name="bordeaux"
		path={
			1467 1468 1470 1471 1566 1563 
		}
		control={
			2693.000000 675.000000 2498.000000 819.000000 2482.000000 1053.000000 2488.000000 1226.000000 2589.000000 1369.000000 
		}
	}
	outgoing={
		name="north_sea"
		path={
			1467 1468 1579 1567 1563 1284
		}
		control={
		}
	}
	outgoing={
		name="sevilla"
		path={
			1467 1468 1470 1471 1566 1563 
		}
		control={
			2702.000000 692.000000 2568.000000 783.000000 2516.000000 940.000000 2548.000000 1064.000000 2617.000000 1127.000000 2641.000000 1223.000000 
		}
	}
	members={
		1164 1165 1166 1096 1793 2241 1466 1097 1098 1118 1119 1151 1163 2242 1168 1306 4078 4079 4080 1126 1139 1141 2257 2258 1147 2289 2290 2294 1111 1112 1113 1116 2239 1114 1117 2238 1167 1171 1172 1174 
	}
}
tunis={
	location=336
	color={
		146 134 57 
	}
	outgoing={
		name="sevilla"
		path={
			4562 335 
		}
		control={
		}
	}
	outgoing={
		name="genua"
		path={
			339 1300
		}
		control={
		}
	}
	members={
		355 339 340 341 350 351 352 353 354 1882 2448 2449 2450 2451 2452 2453 2454 2455 2456 2457 2458 2472 2473 2474 2954 4566 4567
	#from Safi
	    344 345 346 347 348 1110 2460 2464 2466 2467 2468 2469 2470 342 343 349 2459 2462 2463 336 337 338 2461 2465
		4564 4562 4568
	}
}
ragusa={
	location=137
	outgoing={
		name="wien"
		path={
			139 140 1767 1864 135 134 
		}
		control={
			3098.000000 1388.000000 3100.000000 1407.000000 3092.000000 1428.000000 3086.000000 1456.000000 3067.000000 1468.000000 
		}
	}
	outgoing={
		name="venice"
		path={
			136 1308 
		}
		control={
			3065.000000 1381.000000 
		}
	}
	outgoing={
		name="genua"
		path={
			1310 1311 1307 1304 1303 1298 1297 
		}
		control={
			3101.000000 1349.000000 3096.500000 1299.000000 3055.000000 1269.000000 3041.500000 1303.000000 2984.000000 1338.000000 2950.000000 1390.500000 
		}
	}
	members={
		137 138 139 140 141 142 143 144 147 1766 1767 1827 1831 1853 3000 3002 3001 4173 4174 4175 4176 152 131 148 1828 136 1826 4239
		145 146 163 1773 #morea_area
	}
}

krakow={
	location=262
	inland=yes
	outgoing={
		name="wien"
		path={
			154 1772 134 
		}
		control={
			3110.000000 1518.000000 3098.000000 1506.000000 3083.000000 1495.000000 
		}
	}
	outgoing={
		name="saxony"
		path={
			263 264 1763 
		}
		control={
			3083.000000 1532.000000 3069.000000 1548.000000 3034.000000 1562.000000 
		}
	}
	members={
		258 259 260 261 262 263 264 1940 256 257 1938 1939 254 255 2424 2959 2960 2961 2966 
		4238 2963 1859 4523 4524 4526 4528 4525 4527 4533 4541
	}
}
wien={
	location=134
	color={
		220 220 220 
	}
	inland=yes
	outgoing={
		name="venice"
		path={
			132 128 1769 1308 
		}
		control={
			3026.000000 1470.000000 3028.000000 1456.000000 3021.000000 1442.000000 
		}
	}
	outgoing={
		name="rheinland"
		path={
			133 64 1757 67 66 79 1876 
		}
		control={
			3033.000000 1484.000000 3006.000000 1499.000000 2992.000000 1505.000000 2955.000000 1511.000000 2946.000000 1516.000000 
		}
	}
	outgoing={
		name="saxony"
		path={
			1770 267 266 1771 61 59 
		}
		control={
			3031.000000 1503.000000 3030.000000 1518.000000 3027.000000 1534.000000 
		}
	}
	members={
		64 65 76 128 132 133 134 154 1318 1757 1770 1772 1863 2955 2956 2957 162 155 1953 1954 4125 68 69 1868 70 71 1872 73 110 1768 4236
		135 153 1864 4126 4240 #Transdanubia
	}
}
saxony={
	location=59
	inland=yes
	color={
		36 182 69 
	}
	outgoing={
		name="rheinland"
		path={
			62 63 79 81 1876 
		}
		control={
			3002.000000 1539.000000 2970.000000 1542.000000 2956.500000 1530.000000 
		}
	}
	members={
		49 50 57 62 63 1758 51 60 61 267 1759 1763 1771 52 58 59 2964 2965 2967 2971 2969 265 266 2968 2970 4237
	}
}
baltic_sea={
	location=1926
	color={
		8 82 165 
	}
	outgoing={
		name="lubeck"
		path={
			1255 1257 45 
		}
		control={
			3089.000000 1696.000000 3072.000000 1648.000000 3044.000000 1636.000000 3015.000000 1620.000000 2984.000000 1605.000000 
		}
	}
	outgoing={
		name="krakow"
		path={
			1927 43 258
		}
		control={
		}
	}
	members={
		1926 1 2 3 4 5 1985 8 9 11 18 19 25 27 28 29 31 35 37 38 39 40 271 273 1930 1935 1936 41 42 43 1841 767 2958 2997 4113 4114 4123 4152 4166 270 36 1834 1842 4241
		4534
	}
}
rheinland={
	location=1876
	color={
		114 171 184 
	}
	inland=yes
	outgoing={
		name="champagne"
		path={
			83 1760 80 188 187 186 
		}
		control={
			2928.000000 1531.000000 2915.000000 1541.000000 2902.500000 1543.500000 2881.500000 1535.500000 
		}
	}
	outgoing={
		name="lubeck"
		path={
			1762 57 53 1857 45 
		}
		control={
			2954.000000 1549.000000 2966.000000 1562.000000 2962.000000 1579.000000 2972.000000 1591.500000 
		}
	}
	members={
		56 72 74 75 77 78 79 80 81 82 83 84 85 86 1760 1761 1869 1870 1876 1878 1880 2973 2975 166 1873 2972 1762 66 67 
		165 1867 1871 #romandie_area
	}
}
panama={
	location=835
	outgoing={
		name="carribean_trade"
		path={
			1515 1517 1516 
		}
		control={
			1586.000000 1044.000000 1607.000000 1125.000000 
		}
	}
	outgoing={
	    name="philippines"
		path={
		    1700 1735 1436
		}
		control={
		}
	}
	members={
		822 823 824 825 826 827 832 2812 2814 2815 2816 2817 2818 #New Granada
		835 836 838 2660 2663 2664 2819 #Castilla del Oro
		828 829 2806 #New Andalucia
		741 742 830 831 834 2803 2805 2807 2808 2809 2810 2811 2813 2939 #Venezuela
		2931 743 744 745 2937 2804 746 #Guyana
		4592 4597 4595 4596 4599 4600 4601 4602 4610 4603 4614 4611 4609 4612 4613 4608 4607 4617 4605 4604 4615 4616 # new for 1.28
		#from caribbean
		502
		#from mexico
		837 2661
		#from brazil
		2938 747 2935 2930 2934 2933 2889
	}
}
carribean_trade={
	location=1516
	outgoing={
		name="chesapeake_bay"
		path={
			1524 1503 1502 1501 1500 
		}
		control={
			1649.000000 1207.000000 1619.000000 1236.000000 1604.000000 1280.000000 1606.000000 1312.000000 1587.000000 1389.000000 1635.000000 1447.000000 
		}
	}
	outgoing={
		name="bordeaux"
		path={
			488 490 1526 1575 1583 1580 1567 1563 
		}
		control={
			1687.000000 1196.000000 1925.000000 1251.000000 2082.000000 1253.000000 2210.000000 1293.000000 2326.000000 1295.000000 2446.000000 1349.000000 
		}
	}
	outgoing={
		name="sevilla"
		path={
			488 490 1526 1575 1583 1580 1567 1563 
		}
		control={
			1684.000000 1121.000000 1844.000000 1108.000000 1899.000000 1143.000000 2019.000000 1171.000000 2253.000000 1245.000000 2391.000000 1282.000000 2456.000000 1325.000000 
		}
	}
	members={
		482 483 484 485 486 487 488 489 490 491 492 493 494 495 496 497 498 499 500 501 1881
		2654 2655 2656 2658 2659
		4624 4622 4623 4619 4618 4620 4621
	}
}
chesapeake_bay={
	location=1500
	color={
		193 26 14 
	}
	outgoing={
		name="st_lawrence"
		path={
			965 963 969 2012 986 1490 
		}
		control={
			1652.000000 1564.000000 1650.000000 1588.000000 1672.000000 1621.000000 1690.000000 1656.000000 1754.000000 1702.000000 
		}
	}
	outgoing={
	    name="bordeaux"
		path={
		    1572 1582 1290
		}
		control={
		}
	}
	members={
		929 931 932 933 935 936 937 938 949 950 951 952 953 954 955 956 957 958 962 963 965
		966 967 968 970 971 926 927 928 930 941 948 947 946 959 960 961
		964 969 2010 2011 2013 2023 2525 2526 2534 2535 2536 2537 2538
		2539 2540 2541 2542 2543 2544 2545 2546 2547 2548 2549 2550 2551 2552 2553 2554 2555 2556
		2557 2558 2559 2560 2561 2562 2563 2564 2565 2566 2567 2639
		4626 4625
		481
	}
}

st_lawrence={
	location=1490
	color={
		193 192 14 
	}
	outgoing={
		name="north_sea"
		path={
			1493 1496 1497 1498 1478 1476 1282 1975 
		}
		control={
			1873.000000 1718.000000 1906.000000 1756.000000 1952.000000 1779.000000 2050.000000 1772.000000 2577.000000 1737.000000 2696.139893 1734.630005 2763.000000 1737.000000 2781.000000 1703.000000 
		}
	}
	outgoing={
		name="bordeaux"
		path={
			1491 1494 1495 1565 1564 1479 1563 
		}
		control={
			1870.000000 1686.000000 1923.000000 1630.000000 2041.000000 1632.000000 2178.000000 1627.000000 2364.000000 1615.000000 2525.000000 1581.000000 
		}
	}
	members={
        1010 1008 1009 1011 1006 1005 1004 1007 1002 1003 1000 999 998 1001 992 991 989 988 987
		993 990 994 986 985 984 995 996 997 981 980 983 982 1813 2012 2015 2568 2569 2570
		2571 2572 2573 2574 2575 2576 2577 2578 2579 2580 2581 2582 2583 2584 2585 2586 2587 2588
		2589 2590 2591 2592 2593 2594 2595 2596 2597 2670 2671 
		#from alaska
		2004 2602 2017 2018  2599 2600 2601 2603 
		#from louisiana
		2598 2005
	}
}
white_sea={
	location=1652
	color={
		210 46 28 
	}
	outgoing={
		name="north_sea"
		path={
			1263 1264 1265 1929 1266 1975 
		}
		control={
			3453.000000 1897.000000 3447.000000 1948.000000 3339.000000 1992.000000 3187.000000 2034.000000 3076.000000 1993.000000 2987.000000 1944.000000 2942.000000 1864.000000 2862.000000 1790.000000 2868.000000 1711.000000 2847.000000 1660.000000 
		}
	}
	members={
		1652 315 1777 1963 2425 2426 4151 1077 1755 1963 1964 4129 
		1955 4122 4256 4257 #arkhangelsk_area
		313 1776 1958 4258 #pomor_area
		314 4262 4263 #vologda_area
	}
}
north_sea={
	location=1975
	color={
		117 165 188 
	}
	outgoing={
		name="english_channel"
		path={
			1270 236 
		}
		control={
			2851.000000 1611.000000 
		}
	}
	outgoing={
		name="lubeck"
		path={
			1266 1267 1259 1258 45 
		}
		control={
			2882.000000 1665.000000 2955.000000 1690.500000 2983.000000 1670.000000 2979.000000 1645.000000 2974.000000 1637.000000 2979.000000 1627.000000 2976.000000 1618.000000 2974.000000 1612.000000 2981.000000 1606.000000 
		}
	}
	members={
		1975 1266 1280 1281 1282 1929 4153 4146  #Seas and Wastelands
		248 249 251 #lowlands_area
		246 247 4361 4362 #scottish_marches_area
		253 4364 4365 #kingdom_of_the_isles_area
		250 252 369 4110 4363 #highlands_area
		375 376 4119 #connacht_area
		373 374 4120 4379 #leinster_area
		372 4121 4380 #ulster_area
		4118 4377 4378 #munster_area
		10 20 21 #northern_norway
		1978 1979 #subarctic_islands_area
		370 371 #iceland_area
		23 24 2752 4145 #western_norway
		1105
		1104
	}
}
lubeck={
	location=45
	color={
		190 70 70 
	}
	outgoing={
		name="english_channel"
		path={
			1857 44 1268 1269 1744 
		}
		control={
			2966.000000 1599.000000 2957.000000 1596.000000 2915.000000 1602.000000 2868.000000 1576.000000 
		}
	}
	members={
		6 12 13 14 15 16 17 22 26 44 45 46 47 48 53 54 55 1775 1857 1874 1858 1981 1982 1983 1984 7 2993 2994 2995 2996 4141 4142 4143 4144 4149 4163 4164 4165 
	}
}
bordeaux={
	location=1276
	color={
		36 132 247 
	}
	outgoing={
		name="champagne"
		path={
			1275 172 178 184 185 
		}
		control={
			2756.000000 1449.500000 2785.000000 1452.000000 2805.000000 1459.000000 2832.000000 1470.000000 
		}
	}
	members={
		1276 #Water 
		190 195 199 # massif_central_area
		169 170 171 172 4384 #brittany_area
		194 198 4112 #guyenne_area
		180 4111 4386 4387 #poitou_area
		173 209 210 #basque_country
		174 175 176 #pyrenees_area
		2989
	}
}
sevilla={
	location=1293
	color={
		57 160 101 
	}
	outgoing={
		name="genua"
		path={
			212 1296
		}
		control={
		}
	}
	members={
		206 207 208 1746 215 216 231 232 1293 217 218 219 221 222 223 224 225 226 227 228 229 230 334 335 367 1745 1747 1748 1749 1751 1851 2754 2755 2751 4150 
		4546 4547 4548 4551 4552 4553 4554 4555 4556 4558
		4561 4563 368 366 4565
	}
}
champagne={
	location=186
	color={
		193 26 14 
	}
	inland=yes
	outgoing={
		name="genua"
		path={
			187 193 203 204 201 1297 
		}
		control={
			2891.000000 1487.000000 2893.000000 1450.000000 2878.000000 1435.000000 2882.000000 1409.500000 2880.500000 1385.500000 
		}
	}
	outgoing={
		name="english_channel"
		path={
			181 1866 92 1744 1269 
		}
		control={
			2862.000000 1510.000000 2858.000000 1532.000000 2865.000000 1540.000000 2871.000000 1550.000000 
		}
	}
	members={
		182 183 185 4388 #ile_de_france_area
		177 178 179 184 4389 #loire_area
		181 186 4390 #champagne_area
		187 188 189 #lorraine_area
		91 92 93 94 1866 #wallonia_area
		1742 2974 #luxemburg_liege_area
		191 192 193 1877 4392 #bourgogne_area
	}
}
genua={
	location=1297
	color={
		218 215 56 
	}
	members={
		1297 #Sea
		196 200 2753 4391 #languedoc_area
		124 125 126 2982 #sicily_area
		115 116 117 2978 2980 #tuscany_area
		118 121 2983 #naples_area
		123 1934 2984 #calabria_area
		101 102 2992 #liguria_area
		103 1875 2979 2981 #piedmont_area
		127 1247 2986 #corsica_sardinia_area
		201 202 2991 #provence_area
		203 204 205 #savoy_dauphine_area
		197 212 213 2987 #catalonia_area
		220 333 1750 2988 #valencia_area
		211 214 2990 #aragon_area
		4549 4550 4557 4559 4560 # new for 1.28
	}
	end=yes
}
venice={
	location=1308
	color={
		54 167 156 
	}
	members={
		1308 129 130 1769 108 111 112 1774 105 106 113 114 119 120 2976 2977 122 1933 2985 104 107 109 1862
	}
	end=yes
}
english_channel={
	location=1269
	color={
		220 138 57 
	}
	members={
		1269 1269 1270 1271 #Seas
		167 168 1879 4385 #normandy_area
		87 88 89 1743 #picardy_area
		241 242 4366 4369 #wales_area
		245 4367 4368 #yorkshire_area
		239 240 244 4372 4375 #west_midlands_area
		243 1860 1861 4370 4376 #east_midlands_area
		233 234 4130 4373 4374 #wessex_area
		235 236 237 238 4371 #home_counties_area
		95 98 99 1742 2974 #netherlands_area
		96 97 4383 #holland_area
		100 1931 4381 4382 #frisia_area
		90 1744 1865 #flanders_area
	}
	end=yes
}
